1.016	19461	19151.438	19539.617	19401.176	20012.068	19792.938	19873.564	19507.736	18924.146	19170.262
2.032	20932	21113.992	21964.676	21514.078	21799.074	21922.541	21900.545	21126.154	21128.793	20595.895
3.048	18283	18638.963	19837.539	19195.756	19405.996	19929.287	19520.502	18784.092	18809.285	17970.646
4.064	18163	18579.541	20142.924	19480.768	19418.186	20165.469	19515.014	18718.793	18875.082	17732.91
5.08	17082	17799.377	19712.648	18778.492	18458.156	19640.582	18773.529	17951.236	18349.791	16748.977
6.096	16214	16843.828	19043.141	18104.602	17698.361	18975.064	17884	17057.66	17463.758	15758.604
7.112	15728	16439.084	18948.566	17808.68	17298.438	18802.791	17557.26	16577.258	17233.234	15223.659
8.128	14915	15762.091	18470.557	17191.223	16522.938	18252.217	16876.545	15853.479	16591.803	14421.73
9.144	14367	15143.211	18007.402	16790.773	15975.649	17898.711	16254.898	15357.755	16091.535	13799.093
10.16	13857	14729.276	17812.773	16375.942	15489.882	17534.684	15946.002	14870.314	15742.881	13359.89
11.176	13186	14183.113	17344.24	15894.014	14909.483	17082.963	15417.048	14191.741	15192.757	12664.808
12.192	12784	13759.72	17073.055	15558.212	14429.157	16829.654	14962.979	13839.706	14873.045	12199.42
13.208	12233	13246.79	16816.438	15081.954	13990.79	16475.582	14462.722	13307.111	14423.865	11705.914
14.224	11820	12938.331	16449.557	14801.67	13593.562	16125.942	13973.372	12928.002	13992.167	11235.887
15.24	11488	12439.499	16185.348	14402.201	13103.121	15756.541	13663.816	12511.551	13720.951	10743.836
16.256	11069	12069.203	15852.022	14125.671	12790.397	15535.835	13270.317	12123.442	13305.948	10495.771
17.272	10634	11668.694	15658.355	13716.666	12408.021	15154.864	12888.875	11793.332	12992.184	9968.586
18.288	10264	11273.02	15363.125	13406.928	12003.702	14874.636	12544.695	11439.239	12657.061	9694.084
19.304	9932	11016.848	14981.185	13099.651	11680.354	14562.651	12165.872	11032.17	12370.718	9333.841
20.32	9731	10744.462	14816.523	12867.19	11345.862	14362.666	11867.767	10707.711	12041.917	9015.439
21.336	9352	10349.747	14502.005	12521.833	11007.271	13983.564	11508.888	10406.237	11766.815	8630.055
22.352	9022	10136.124	14376.786	12199.704	10737.557	13755.036	11283.985	10107.603	11506.856	8428.354
23.368	8730	9786.634	14019.65	11992.284	10350.593	13561.44	10894.727	9852.206	11199.98	8159.164
24.384	8506	9535.121	13788.063	11683.367	10199.357	13291.532	10667.158	9550.997	10925.494	7868.728
25.4	8240	9271.203	13582.773	11455.903	9887.123	13005.126	10404.052	9352.761	10666.644	7625.983
26.416	8084	9044.521	13366.665	11224.264	9627.401	12762.119	10150.206	9065.435	10456.412	7404.479
27.432	7763	8709.227	13124.662	11012.537	9379.965	12542.282	9840.797	8754.606	10245.126	7130.898
28.448	7561	8563.918	12954.063	10745.693	9104.841	12304.219	9679.69	8595.407	10014.404	6940.295
29.464	7341	8321.869	12674.154	10531.323	8849.958	12142.46	9382.238	8320.157	9697.829	6690.942
30.48	7159	8126.552	12521.114	10317.962	8702.689	11908.056	9114.847	8162.632	9489.701	6558.579
31.496	6956	7909.195	12272.268	10097.826	8457.521	11674.014	8916.426	7925.792	9360.03	6315.771
32.512	6791	7688.613	12118.405	9914.005	8256.45	11534.396	8723.542	7775.445	9198.644	6127.292
33.528	6586	7516.918	11935.768	9640.965	8022.326	11350.473	8524.115	7548	8972.183	5942.42
34.544	6391	7379.008	11704.131	9513.035	7876.469	11077.939	8276.178	7386.807	8779.524	5793.279
35.56	6221	7134.405	11648.268	9305.452	7643.497	10877.393	8089.62	7168.479	8593.269	5618.829
36.576	6093	7087.335	11374.815	9082.774	7563.45	10764.039	7933.172	7023.763	8432.433	5468.946
37.592	5866	6841.748	11153.134	8965.947	7267.922	10588.334	7790.899	6873.689	8242.536	5313.575
38.608	5777	6687.601	11035.735	8773.482	7192.594	10390.18	7594.67	6668.875	8025.325	5170.046
39.624	5641	6510.975	10831.653	8603.969	6990.637	10221.523	7362.218	6574.218	7928.188	5033.557
40.64	5427	6391.531	10680.714	8505.584	6905.876	10064.05	7258.516	6312.856	7771.463	4953.602
41.656	5335	6190.985	10488.303	8293.455	6705.741	9899.243	7091.654	6283.976	7581.054	4785.413
42.672	5255	6067.158	10390.444	8200.321	6538.84	9730.674	6901.596	6078.044	7420.352	4639.046
43.688	5025	5916.77	10237.803	7977.723	6335.421	9573.139	6751.588	5960.234	7400.852	4524.36
44.704	4983	5863.013	10069.94	7863.474	6256.618	9432.55	6666.11	5835.581	7198.039	4441.836
45.72	4864	5707.781	9905.768	7680.929	6105.361	9268.664	6485.677	5646.288	7011.312	4305.076
46.736	4711	5576.98	9788.319	7598.579	5988.131	9149.146	6438.26	5570.94	6889.927	4254.835
47.752	4599	5475.667	9699.397	7414.823	5870.063	8980.802	6250.507	5426.901	6732.875	4017.536
48.768	4513	5376.783	9494.82	7339.655	5743.8	8880.484	6123.417	5322.833	6667.486	3981.372
49.784	4361	5223.917	9357.567	7138.795	5614.298	8733.435	5958.811	5219.847	6507.421	3875.835
50.8	4252	5155.118	9213.987	7045.535	5524.588	8626.567	5897.455	5132.494	6435.87	3824.382
51.816	4161	5022.872	9115.885	6914.767	5364.321	8454.063	5714.364	5075.109	6240.359	3713.9
52.832	4141	4875.635	8988.908	6798.585	5276.108	8374.119	5620.407	4928.775	6153.638	3592.957
53.848	4028	4802.016	8840.92	6648.769	5155.343	8186.797	5528.284	4825.781	6072.784	3528.356
54.864	3995	4700.528	8697.431	6571.316	5068.304	8117.898	5425.376	4688.194	5953.074	3449.224
55.88	3886	4582.33	8641.547	6485.111	4963.276	7960.187	5294.685	4581.978	5833.589	3357.542
56.896	3662	4567.5	8528.557	6360.122	4834.875	7813.486	5235.853	4504.628	5695.31	3342.31
57.912	3673	4366.965	8377.276	6224.002	4769.591	7740.265	5101.682	4417.861	5639.609	3219.64
58.928	3625	4326.396	8267.523	6090.919	4663.7	7681.901	5045.215	4281.119	5481.739	3127.705
59.944	3540	4259.714	8175.81	6059.298	4578.996	7479.2	4989.035	4156.172	5398.851	3087.144
60.96	3498	4122.101	8069.036	5922.106	4556.521	7408.932	4808.361	4125.715	5312.665	2979.594
61.976	3376	4046.192	7928.114	5864.713	4369.242	7319.947	4665.517	4137.839	5283.391	2920.164
62.992	3281	4012.233	7827.381	5785.146	4405.521	7189.794	4664.313	3979.791	5163.418	2865.754
64.008	3288	3935.029	7697.412	5673.827	4274.531	7104.408	4544.762	3879.107	5053.466	2816.001
65.024	3175	3832.57	7653.086	5576.126	4159.938	7048.123	4535.13	3895.829	4957.491	2756.92
66.04	3053	3720.236	7572.207	5512.088	4058.047	6954.106	4463.414	3718.374	4879.65	2615.312
67.056	3091	3654.725	7439.916	5403.255	4073.038	6816.134	4320.681	3708.796	4829.901	2618.639
68.072	2987	3649.793	7367.846	5271.737	3923.326	6725.63	4277.973	3636.922	4736.147	2527.179
69.088	2925	3549.552	7195.142	5154.81	3843.2	6625.799	4197.524	3563.542	4650.647	2523.691
70.104	2829	3533.375	7169.073	5101.966	3785.271	6563.885	4087.129	3480.186	4599.758	2454.798
71.12	2829	3453.891	7071.451	5074.811	3800.074	6432.014	4015.47	3492.024	4583.988	2390.689
72.136	2680	3376.425	6977.332	4976.325	3644.344	6364.099	4008.207	3384.95	4365.573	2339.96
73.152	2735	3389.6	6910.934	4937.209	3627.554	6269.149	3887.765	3305.389	4397.187	2347.208
74.168	2558	3230.906	6783.315	4863.991	3494.356	6182.928	3835.414	3268.891	4262.35	2251.828
75.184	2592	3191.307	6636.171	4740.688	3487.753	6067.768	3823.011	3204.001	4234.44	2190.589
76.2	2530	3175.306	6594.176	4687.081	3380.098	5983.416	3641.01	3140.778	4142.206	2168.632
77.216	2440	3053.085	6481.2	4586.384	3398.96	5907.219	3641.643	3094.248	4078.507	2146.174
78.232	2412	3039.413	6433.617	4535.978	3303.002	5895.103	3557.264	2995.712	4003.884	2056.825
79.248	2369	3011.42	6370.484	4452.83	3256.986	5748.538	3455.617	2986.343	3945.49	2068.507
80.264	2338	2919.745	6256.177	4412.165	3196.049	5737.056	3434.523	2887.138	3963.866	1994.399
81.28	2342	2826.103	6232.151	4312.215	3088.229	5611.872	3428.132	2891.526	3890.988	1999.907
82.296	2233	2836.775	6163.989	4316.009	3065.138	5556.061	3343.696	2785.645	3778.574	1918.547
83.312	2247	2764.738	6050.754	4236.119	3081.001	5475.667	3331.666	2814.574	3741.452	1874.769
84.328	2149	2689.001	5956.865	4171.015	2991.52	5423.007	3163.544	2741.145	3667.857	1883.647
85.344	2110	2648.755	5883.388	4114.495	2884.248	5378.191	3157.837	2649.146	3608.5	1783.736
86.36	2074	2620.226	5860.06	4045.397	2896.961	5323.013	3124.584	2617.817	3510.233	1767.013
87.376	2055	2611.672	5757.464	4048.791	2824.355	5225.623	3029.176	2621.061	3517.968	1736.317
88.392	2027	2533.856	5686.4	3852.915	2813.603	5164.78	3029.493	2549.041	3457.288	1698.8
89.408	1949	2525.451	5659.187	3896.698	2729.993	5103.315	2914.905	2513.149	3408.39	1695.918
90.424	1987	2428.56	5589.734	3835.258	2629.997	4994.942	2917.527	2464.841	3337.385	1606.673
91.44	1894	2470.2	5531.61	3782.073	2616.945	4947.921	2863.883	2419.49	3306.254	1634.051
92.456	1894	2415.634	5448.812	3704.852	2556.946	4804.569	2812.484	2385.789	3306.548	1593.94
93.472	1845	2332.65	5346.077	3675.848	2518.319	4819.274	2830.164	2303.221	3219.158	1585.223
94.488	1852	2256.567	5335.648	3589.495	2561.096	4768.594	2770.344	2303.228	3187.218	1511.956
95.504	1768	2286.539	5328.624	3565.488	2504.477	4690.853	2677.112	2343.047	3146.05	1479.734
96.52	1788	2263.652	5139.686	3445.914	2430.988	4635.391	2694.867	2257.013	3072.679	1480.733
97.536	1697	2201.153	5125.414	3500.874	2399.706	4571.733	2638.547	2196.168	2962.572	1465.806
98.552	1715	2127.596	5040.006	3464.042	2380.124	4526.83	2558.194	2155.4	2993.5	1380.87
99.568	1648	2086.006	4997.823	3297.432	2368.759	4486.896	2549.414	2160.633	2972.458	1462.125
100.584	1612	2083.104	4976.358	3259.698	2268.611	4401.771	2489.411	2126.527	2941.637	1393.743
101.6	1585	2053.106	4869.995	3264.651	2259.616	4343.555	2447.593	2071.291	2841.047	1316.325
102.616	1610	2044.937	4797.424	3153.778	2170.03	4259.9	2426.141	2009.024	2854.477	1328.313
103.632	1606	1988.565	4750.169	3167.079	2206.937	4346.258	2339.981	1965.215	2772.67	1310.281
104.648	1505	1981.281	4686.109	3115.315	2119.378	4246.164	2299.206	1962.508	2712.521	1254.523
105.664	1556	1915.556	4660.228	3116	2114.413	4224.198	2323.806	1914.332	2682.963	1298.563
106.68	1489	1897.949	4601.273	3052.458	2106.976	4130.52	2315.074	1881.371	2713.088	1252.409
107.696	1415	1878.473	4557.269	3028.897	1988.689	4062.865	2269.681	1858.51	2658.083	1203.916
108.712	1457	1809.076	4502.647	2989.963	1975.114	4030.289	2133.751	1887.021	2584	1193.751
109.728	1346	1810.857	4439.068	2946.128	2014.147	3955.923	2109.772	1803.561	2558.146	1143.422
110.744	1404	1784.495	4414.666	2922.157	1905.911	3933.285	2124.484	1726.148	2534.963	1140.112
111.76	1361	1804.057	4381.67	2841.107	1934.43	3888.233	2070.254	1761.677	2509.666	1141.835
112.776	1349	1725.308	4262.535	2807.214	1964.599	3802.211	2117.158	1761	2483.598	1166.548
113.792	1335	1675.772	4316.201	2747.981	1890.863	3775.75	2086.483	1656.486	2426.804	1092.741
114.808	1257	1661.663	4164.341	2731.636	1845.272	3784.08	2007.865	1642.381	2422.677	1085.65
115.824	1248	1698.1	4177.791	2705.188	1786.473	3722.129	1984.307	1649.015	2400.629	1029.038
116.84	1230	1639.835	4135.614	2625.995	1783.672	3672.868	1966.621	1557.63	2353.364	1033.194
117.856	1271	1631.292	4077.832	2657.686	1817	3638.486	1963.165	1553.172	2268.479	990.902
118.872	1243	1541.847	4001.11	2584.624	1742.259	3560.759	1888	1581.829	2259.208	953.888
119.888	1210	1656.01	3952.25	2555.777	1702.115	3571.169	1874.656	1517.594	2260.167	984.784
120.904	1245	1508.175	3886.39	2570.861	1687.743	3506.515	1874.495	1571.791	2215.353	959.042
121.92	1192	1441.081	3921.144	2470.837	1670.264	3477.352	1884.81	1489.056	2186.673	953.251
122.936	1069	1503.157	3872.515	2512.095	1637.538	3431.203	1795.676	1529.126	2170.577	960.826
123.952	1174	1470.967	3823.223	2413.963	1630.254	3461.027	1804.666	1449.244	2126.839	898.972
124.968	1064	1496.656	3763.132	2457.436	1609.118	3394.568	1731.021	1475.383	2071.769	916.769
125.984	1095	1400.088	3740.53	2414.225	1569.824	3257.766	1729.031	1412.892	2113.778	832.103
127	1075	1441.604	3646.856	2397.68	1511.384	3234.306	1685.386	1433.143	2041.307	874.058
128.016	1023	1404.284	3647.198	2260.235	1566.445	3258.924	1726.215	1368.734	1985.707	920.619
129.032	1047	1485.487	3607.582	2326.136	1533.335	3242.026	1663.136	1362.219	1992.237	883.255
130.048	978	1430.186	3617.641	2293.596	1512.662	3172.218	1647.591	1446.182	1990.086	794.168
131.064	1000	1339.955	3519.042	2232.632	1461.113	3119.395	1641.672	1352.18	1959.591	788.926
132.08	1015	1366.865	3475.966	2224.703	1417.349	3089.92	1563.789	1348.169	1872.865	809.505
133.096	1027	1279.499	3432.54	2196.476	1411.644	2998.755	1567.934	1286.99	1938.95	787.378
134.112	918	1260.944	3452.255	2179.137	1434.77	3044.518	1534.201	1318.145	1865.654	781.081
135.128	934	1304.927	3372.177	2152.327	1411.318	2974.449	1483.34	1209.292	1868.234	697.292
136.144	953	1218.233	3354.814	2082.383	1432.955	2983.663	1571.476	1251.426	1869.449	795.956
137.16	951	1215.344	3371.661	2138.402	1377.77	2944.812	1457.802	1264.018	1828.704	765.182
138.176	899	1208.284	3277.841	2086.361	1302.755	2936.705	1507.731	1229.201	1815.724	805.249
139.192	865	1231.183	3263.534	2038.012	1287.368	2851.916	1437.069	1179.992	1768.298	781.186
140.208	852	1146.894	3249.812	2028.867	1358.045	2839.726	1377.347	1217.202	1702.335	727.879
141.224	875	1116.995	3220.38	2033.542	1270.622	2780.49	1410.994	1166.982	1720.251	668.389
142.24	879	1147.229	3124.656	1994.958	1226.195	2731.154	1368.45	1137.976	1674.318	725.987
143.256	836	1063.475	3123.938	1965.893	1216.979	2772.769	1370.547	1176.302	1640.708	704.553
144.272	890	1091.244	3044.146	1936.618	1213.203	2732.361	1380.175	1162.713	1605.31	696.403
145.288	874	1102.563	3103.379	1877.507	1171.359	2652.728	1292.173	1144.562	1641.452	634.697
146.304	793	1068.119	3040.045	1884.336	1201.921	2628.968	1271.041	1154.335	1574.13	669.431
147.32	804	1064.632	3055.768	1850.06	1176.74	2624.922	1307.895	1016.462	1593.459	656.131
148.336	784	1119.959	2959.563	1864.298	1129.978	2569.708	1287.521	1016.559	1589.279	623.873
149.352	797	1010.914	2989.406	1772.739	1141.983	2581.911	1270.563	1007.47	1536.934	684.432
150.368	706	1008.061	2996.137	1773.741	1110.025	2580.778	1205.665	938.694	1518.086	616.765
151.384	777	986.867	2917.344	1780.684	1156.543	2539.922	1251.094	1048.46	1473.985	619.979
152.4	819	1076.039	2831.323	1738.492	1095.532	2537.456	1250.356	1039.49	1491.183	585.193
153.416	765	980.33	2884.808	1771.761	1058.495	2462.866	1232.667	1021.952	1478.245	594.913
154.432	708	951.614	2856.088	1706.105	1097.077	2473.799	1184.565	955.715	1408.183	578.102
155.448	740	966.732	2789.077	1695.137	1070.687	2471.246	1263.804	928.725	1420.933	616.416
156.464	756	973.281	2753.66	1671.463	964.111	2371.278	1152.908	927.26	1435.166	557.066
157.48	670	935.077	2760.643	1623.118	1028.341	2374.166	1138.082	904.762	1444.485	601.275
158.496	703	852.692	2697.727	1590.586	1002.17	2364.978	1129.559	904.902	1406.561	558.431
159.512	640	872.231	2654.531	1626.062	1026.958	2327.01	1077.533	920.333	1370.649	485.269
160.528	712	984.863	2611.559	1614.501	972.398	2300.835	1084.793	867.636	1342.825	523.413
161.544	584	910.907	2640.984	1633.318	952.921	2304.197	1039.888	878.972	1345.116	546.242
162.56	610	840.078	2612.759	1586.012	994.223	2273.912	1084.023	884.965	1299.596	528.633
163.576	640	830.303	2548.552	1504.495	968.797	2192.772	1031.988	824.923	1332.077	528.999
164.592	631	884.732	2546.878	1534.812	977.779	2188.9	1027.538	851.02	1325.905	551.823
165.608	586	882.628	2493.7	1493.719	901.72	2217.752	1002.102	878.986	1253.69	484.214
166.624	626	842.07	2551.238	1462.086	920.499	2170.333	1008.81	785.718	1327.168	462.466
167.64	611	826.355	2481.13	1516.897	897.466	2150.684	1003.882	805.187	1237.626	467.725
168.656	554	807.714	2489.222	1420.248	911.26	2128.107	1000.208	809.352	1209.417	460.722
169.672	597	824.438	2433.344	1492.411	931.435	2152.115	1004.401	870.901	1238.322	514.447
170.688	598	826.729	2421.255	1455.872	837.956	2119.49	985.771	774.863	1156.307	484.375
171.704	589	756.448	2402.573	1384.446	877.316	2014.043	947.197	810.936	1189.756	475.762
172.72	568	776.184	2354.815	1416.816	906.508	2028.761	934.686	812.757	1254.771	392.505
173.736	583	778.575	2366.479	1385.714	836.179	2026.121	901.497	727.58	1211.569	347.981
174.752	545	726.088	2311.732	1356.597	830.798	2024.453	932.802	798.009	1186.721	401.658
175.768	537	719.837	2337.153	1393.023	825.833	1999.723	846.06	696.516	1169.341	415.53
176.784	561	693.376	2276.831	1376.783	793.926	1952.839	923.433	739.09	1100.348	404.083
177.8	616	673.614	2254.62	1297.033	782.199	1914.062	901.028	764.518	1190.297	419.202
178.816	509	768.427	2238.645	1304.511	807.739	1916.528	921.853	760.597	1122.407	382.266
179.832	551	707.946	2212.939	1360.901	773.367	1972.091	894.329	713.97	1059.164	391.41
180.848	476	702.478	2179.837	1343.607	812.333	1917.013	851.355	654.779	1115.898	348.151
181.864	461	655.894	2219.224	1307.072	809.833	1872.583	814.14	702.62	1048.474	387.516
182.88	464	641.574	2143.828	1253.795	689.304	1911.323	861.086	609.902	1048.159	371.264
183.896	490	676.391	2187.218	1249.011	790.321	1830.669	818.593	665.473	1002.162	366.911
184.912	472	674.797	2177.849	1209.057	731.218	1776.077	821.881	637.869	1085.205	348.046
185.928	489	714.072	2117.27	1267.288	717.67	1793.623	808.012	609.149	1008.907	326.962
186.944	441	607.89	2113.307	1233.6	755.343	1796.935	818.79	633.572	1031.875	329.901
187.96	496	675.644	2063.987	1183.677	716.554	1778.17	825.184	696.195	997.987	378.014
188.976	508	623.331	2054.04	1197.139	675.192	1766.04	761.12	625.012	1028.219	306.946
189.992	427	607.777	1997.604	1224.25	687.188	1692.309	784.355	576.557	1009.244	318.776
191.008	413	646.591	2015.142	1110.507	643.24	1723.852	745.569	617.318	983.995	309.571
192.024	421	589.199	1964.245	1162.951	696.82	1706.144	791.162	634.737	940.198	321.184
193.04	432	610.517	2008.235	1121.854	676.378	1673.606	772.639	607.844	980.901	324.812
194.056	423	652.644	1949.303	1107.25	681.004	1671.252	724.848	556.878	909.43	306.366
195.072	398	539.09	1928.682	1099.217	642.539	1681.34	734.94	612.274	926.73	280.031
196.088	430	595.45	1933.781	1083.64	654.277	1625.502	752.169	543.414	924.38	336.8
197.104	358	595.5	1874.946	1090.325	667.977	1604.57	673.444	595.601	894.779	335.897
198.12	406	577.332	1833.836	1014.691	662.714	1620.682	764.253	573.118	914.521	278.203
199.136	387	529.44	1833.955	1081.652	615.162	1602.266	696.945	546.693	928.09	313.714
200.152	417	553.473	1816.641	1058.325	608.318	1599.165	699.606	536.808	883.903	347.41
201.168	440	565.639	1822.333	1048.069	676.067	1607.77	707.204	618.859	842.493	324.699
202.184	387	553.785	1811.29	1008.442	614.533	1581.196	692.495	497.812	886.702	350.257
203.2	400	530	1762.005	1020.369	587.118	1556.603	698.611	513.306	845.25	301.795
204.216	341	518.681	1833.048	973.136	623.982	1533.205	692.014	496.675	892.938	310.352
205.232	391	511.508	1716.012	984.898	558.266	1503.667	717.725	499.675	863.803	289.441
206.248	382	492.331	1812.888	986.79	551.305	1590.336	659.147	583.533	828.432	246.967
207.264	328	556.76	1776.933	974.951	543.691	1479.759	715.214	491.039	882.666	222.494
208.28	339	447.764	1711.603	1012.223	571.782	1490.306	607.333	559.082	801.138	253.229
209.296	336	468.149	1667.996	946.483	563.495	1525.908	638.265	512.901	772.527	245.772
210.312	316	445.112	1655.789	945.581	586.097	1418.48	644.964	527.139	806.212	263.674
211.328	353	493.415	1705.716	938.293	524.912	1418.108	625.802	438.231	801.4	260.699
212.344	352	485.296	1613.403	925.52	483.708	1402.642	663.961	437.728	755.848	187.158
213.36	329	418.799	1706.427	955.427	560.776	1419.614	609.95	491.387	785.743	233.788
214.376	323	475.471	1638.509	902.02	563.425	1363.79	585.086	425.283	752.534	287.959
215.392	298	547.185	1648.017	913.306	505.01	1324.178	647.792	463.756	744.939	312.196
216.408	297	475.77	1623.392	887.721	524.065	1280.707	592.054	456.452	745.699	251.868
217.424	323	428.301	1567.591	908.478	494.165	1311.402	557.398	435.015	721.793	219.855
218.44	279	417.779	1573.458	895.082	499.86	1348.237	548.654	449.469	709.471	249.597
219.456	329	516.315	1561.201	860.754	513.433	1278.964	577.599	468.66	716.997	262.434
220.472	317	433.295	1547.382	883.452	493.572	1291.566	614.976	414.156	690.849	283.868
221.488	260	377.047	1534.504	869.999	423.231	1326.544	516.414	424.348	694.301	206.459
222.504	207	417.505	1540.253	831.327	480.872	1251.917	505.895	480.714	620.721	176.02
223.52	309	406.933	1536.241	824.227	461.976	1329.745	524.677	429.092	723.94	199.665
224.536	322	440.641	1487.43	831.061	503.741	1335.236	552.999	384.802	725.599	243.234
225.552	217	426.247	1528.679	804.456	481.938	1219.615	515.058	441.44	672.467	221.011
226.568	168	330.388	1500.322	804.839	455.7	1245.915	463.393	414.296	627.755	207.135
227.584	225	489.38	1453.96	843.611	442.803	1276.05	523.898	410.403	654.16	198.872
228.6	250	374.744	1409.99	780.118	506.193	1211.782	583.038	370.647	679.179	263.102
229.616	266	328.146	1407.925	765.421	439.51	1233.774	518.77	373.493	648.674	234.626
230.632	251	329.267	1458.292	748.75	386.755	1152.497	460.132	372.049	643.61	204.514
231.648	192	337.71	1392.278	733.034	384.708	1165.933	494.949	348.017	624.795	208.975
232.664	307	451.724	1378.535	783.288	481.418	1203.801	510.175	390.578	639.601	214.906
233.68	258	361.855	1375.096	776.829	416.828	1159.469	478.413	372.064	634.944	225.843
234.696	249	400.769	1404.933	763.001	403.51	1178.51	479.36	381.746	593.62	161.416
235.712	289	302.893	1332.536	717.169	386.298	1152.572	479.094	399.06	569.345	137.641
236.728	253	375.677	1349.181	755.144	435.538	1139.297	448.368	379.018	575.169	167.552
237.744	185	365.055	1384.772	723.418	343.546	1186.803	566.871	366.28	588.401	200.934
238.76	224	365.429	1370.764	721.626	397.469	1124.665	458.94	308.903	533.76	208.714
239.776	207	358.405	1321.758	670.97	390.495	1173.754	435.595	295.133	592.753	164.307
240.792	277	327.125	1311.343	697.244	438.352	1103.098	469.928	364.767	648.957	159.563
241.808	290	340.424	1305.546	801.032	407.913	1134.689	457.889	386.594	623.403	212.325
242.824	259	368.119	1289.466	764.745	416.736	1142.747	470.615	379.66	583.819	207.51
243.84	249	273.48	1280.774	699.089	405.058	1081.443	399.003	314.163	582.77	208.129
244.856	208	244.055	1358.884	669.017	406.368	1073.262	444.913	318.46	518.975	189.426
245.872	240	315.905	1296.707	650.191	360.13	1111.553	476.439	330.849	615.058	172.34
246.888	227	272.957	1266.229	705.866	430.296	1068.928	430.673	388.269	551.702	148.325
247.904	237	282.048	1255.828	715.651	398.386	1004.973	436.953	365.589	534.156	128.26
248.92	209	317.761	1155.751	627.767	363.49	999.332	429.837	272.105	536.666	148.743
249.936	181	363.599	1215.731	645.808	372.436	1019.468	449.261	307.159	499.775	131.183
250.952	223	387.843	1256.568	697.284	313.38	989.519	369.072	336.34	584.317	136.751
251.968	222	289.793	1189.919	622.513	337.074	988.412	431.091	294.958	558.881	153.209
252.984	203	302.146	1259.212	597.8	325.418	997.925	378.39	355.342	574.404	171.459
254	267	301.336	1179.693	630.811	375.539	972.235	341.007	272.433	522.225	121.728
255.016	217	305.495	1187.206	569.572	368.902	1002.47	429.269	287.584	559.603	204.671
256.032	174	359.066	1182.915	573.798	302.736	975.211	426.115	302.68	552.703	163.928
257.048	180	350.112	1114.99	615.631	322.572	957.529	373.522	341.913	558.538	124.362
258.064	155	252.186	1132.898	572.219	234.996	873.139	368.648	332.14	435.964	104.337
259.08	184	272.908	1136.093	597.019	333.879	984.837	348.083	296.702	486.837	189.099
260.096	175	340.785	1209.473	612.256	311.137	947.43	320.445	290.04	479.889	158.307
261.112	218	341.333	1116.985	618.139	279.887	945.425	358.288	316.688	522.845	124.519
262.128	197	298.708	1085.803	561.858	203.098	859.679	333.634	285.973	442.757	73.432
263.144	220	274.824	1100.236	567.366	296.505	904.182	442.028	168.637	499.218	195.671
264.16	200	269.197	1062.447	645.939	266.095	902.999	386.917	266.977	463.611	174.743
265.176	169	323.938	1016.608	555.234	302.701	961.452	311.333	294.442	494.727	84.238
266.192	146	245.836	1039.385	613.782	354.054	914.02	347.617	270.04	520.153	113.844
267.208	147	249.36	1070.7	472.927	241.713	947.393	339.49	246.635	388.431	88.242
268.224	121	232.885	1040.39	523.893	274.928	883.375	361.217	240.978	511.578	87.456
269.24	175	267.639	1064.477	529.383	311.718	888.929	346.088	305.701	428.085	95.825
270.256	120	299.007	1067.331	484.392	264.572	888.991	331.433	283.782	431.773	110.499
271.272	200	269.034	1041.066	538.676	312.089	857.075	289.086	249.091	422.625	147.117
272.288	136	251.701	1058.562	593.217	221.681	871.608	299.82	249.879	401.626	141.858
273.304	151	329.491	964.003	558.853	286.444	858.881	305.205	252.014	460.737	209.978
274.32	230	223.334	1012.046	503.623	280.968	910.036	318.032	306.559	467.251	119.517
275.336	161	250.195	1058.722	512.768	300.084	875.767	316.679	212.942	544.38	68.91
276.352	156	200.16	1054.53	464.354	278.411	794.726	267.156	212.865	390.551	112.326
277.368	140	206.237	1042.231	519.214	271.079	803.742	353.157	229.195	417.807	97.975
278.384	180	244.727	1021.98	531.48	278.773	818.175	336.51	214.044	425.023	71.853
279.4	173	259.758	962.893	523.535	306.546	810.167	269.044	185.972	410.142	122.932
280.416	142	225.489	1033.155	458.894	259.632	805.125	313.486	171.03	403.564	82.568
281.432	201	274.962	939.342	464.093	268.674	839.256	325.624	239.576	344.206	74.535
282.448	133	201.542	890.538	501.029	301.54	765.101	335.557	260.901	383.079	60.59
283.464	107	227.407	963.5	477.336	252.916	734.818	317.411	290.905	384.545	155.102
284.48	144	209.3	831.968	494.104	208.72	806.506	249.939	222.631	417.288	69.341
285.496	128	174.994	929.688	492.364	267.256	726.935	180.376	207.033	395.904	60.912
286.512	121	209.55	855.38	436.924	191.372	767.467	337.089	153.074	400.004	117.951
287.528	184	198.466	915.505	477.55	269.011	782.198	255.171	209.37	410.597	202.19
288.544	175	175.604	948.251	478.073	248.011	772.175	307.89	179.018	360.843	160.526
289.56	160	159.851	893.915	478.867	249.172	698.121	277.522	192.467	412.278	110.469
290.576	93	171.582	884.616	452.153	193.082	732.302	279.816	224.117	335.92	64.545
291.592	161	202.028	877.291	486.477	277.041	700.387	309.765	191.525	428.24	122.928
292.608	186	224.716	887.302	457.316	240.644	760.382	256.754	192.851	366.046	92.816
293.624	95	169.665	890.462	406.905	223.061	747.457	271.561	259.938	347.092	120.193
294.64	110	186.239	879	434.195	275.089	702.566	292.748	149.174	374.348	91.503
295.656	112	153.277	831.326	526.941	247.351	714.844	240.089	196.29	390.026	117.507
296.672	162	184.595	854.835	438.756	164.493	713.587	271.027	229.091	362.015	144.535
297.688	126	221.355	885.781	441.024	233.391	690.387	220.16	234.665	327.302	80.732
298.704	146	200.16	814.417	405.592	232.569	650.129	252.612	229.761	313.497	74.361
299.72	89	169.129	856.482	355.6	216.208	662.544	226.44	165.065	351.802	85.463
300.736	129	234.865	849.541	387.927	237.214	734.718	285.326	183.154	350.914	77.06
301.752	128	184.707	861.951	444.853	190.801	743.485	252.922	150.053	352.503	104.856
302.768	186	202.041	792.54	391.262	186.34	626.606	284.335	223.845	304.119	87.932
303.784	190	171.196	746.645	402.343	210.837	618.736	262.817	162.17	369.338	4.212
304.8	110	175.703	781.358	393.621	272.345	630.255	217.325	229.237	334.598	98.341
305.816	144	209.711	826.081	382.314	185.887	696.663	252.662	150.409	286.932	85.939
306.832	91	132.793	842.23	460.063	202.283	604.092	191.474	273.291	354.254	67.545
307.848	102	148.009	831.543	362.768	165.645	706.526	186.289	185.156	337.601	39.152
308.864	74	155.63	802.564	397.132	163.729	650.241	201.783	125.749	318.781	84.151
309.88	165	204.494	807.182	402.23	184.551	656.865	246.068	240.322	395.797	47.289
310.896	107	168.22	750.175	400.023	218.238	650.403	238.948	166.042	287.167	95.925
311.912	38	101.824	783.862	396.713	199.672	584.741	241.2	120.238	277.007	27.39
312.928	78	121.312	710.663	323.709	170.734	595.575	265.427	89.02	279.47	21.647
313.944	129	126.28	756.795	374.526	204.923	576.223	215.133	233.507	310.013	81.67
314.96	144	167.447	740.716	323.608	164.471	644.6	234.071	204.194	273.03	88.52
315.976	99	155.668	713.914	366.235	205.792	598.252	211.203	125.686	263.54	90.783
316.992	68	165.605	748.717	315.515	189.116	584.891	228.364	153.618	329.524	33.325
318.008	78	174.01	737.276	368.743	219.599	567.133	252.552	116.834	319.915	59.181
319.024	86	167.125	713.474	406.019	220.634	566.66	194.075	134.19	250.891	92.458
320.04	115	104.301	718.441	358.408	206.106	568.117	211.045	183.88	302.326	110.006
321.056	147	224.38	745.578	318.14	207.236	523.152	148.399	118.515	273.592	83.2
322.072	94	124.212	681.413	309.353	177.984	623.63	240.827	145.198	282.949	55.274
323.088	142	166.365	708.389	367.688	186.899	563.534	216.955	117.873	296.722	67.226
324.104	125	204.582	734.493	329.966	192.388	589.722	195.712	160.58	281.327	60.759
325.12	79	225.128	648.096	300.893	174.998	616.98	173.94	153.583	305.254	79.847
326.136	63	138.458	659.187	336.574	133.417	472.296	224.702	111.888	233.5	34.9
327.152	66	131.112	626.038	359.35	116.012	551.094	214.497	137.797	292.702	85.821
328.168	85	135.283	672.086	359.716	159.449	533.823	186.486	140.287	251.528	13.623
329.184	125	159.005	647.377	383.313	169.931	586.224	166.817	191.651	238.007	100.426
330.2	91	102.87	702.829	331.388	164.874	515.132	192.313	129.453	231.921	21.691
331.216	102	183.573	672.693	245.642	54.7	536.015	146.923	127.758	310.602	22.646
332.232	92	134.037	643.317	373.998	171.743	552.75	180.43	98.117	234.228	65.861
333.248	186	146.105	706.806	314.717	185.76	549.152	189.795	131.518	293.028	32.117
334.264	57	81.601	667.824	254.546	106.202	557.806	138.507	134.72	225.412	89.619
335.28	79	144.523	668.926	268.841	115.603	513.75	139.239	62.526	267.046	15.293
336.296	20	91.264	643.784	297.269	89.215	512.168	166.811	135.885	273.56	65.591
337.312	129	133.478	614.416	289.642	176.975	554.781	168.86	177.713	309.67	-6.519
338.328	89	135.532	661.601	289.559	154.395	482.693	176.087	182.973	252.749	77.487
339.344	116	92.185	602.647	271.776	133.766	496.391	131.435	96.443	233.96	68.378
340.36	49	125.346	614.227	280.973	135.476	437.653	126.257	116.506	265.13	110.425
341.376	130	146.465	598.734	311.141	121.415	474.723	98.087	196.994	236.642	81.412
342.392	81	92.397	608.758	259.696	210.789	462.645	198.743	155.006	301.025	83.602
343.408	86	125.757	598.12	314.141	133.744	503.912	116.631	100.287	228.131	41.105
344.424	34	150.549	615.643	277.244	53.282	488.558	176.589	102.149	205.649	7.401
345.44	122	180.037	581.908	260.106	133.014	507.946	185.136	171.1	182.702	70.214
346.456	16	124.026	612.895	287.287	163.005	488.932	136.659	114.343	166.055	66.743
347.472	30	143.377	565.828	306.78	122.065	450.093	233.817	130.52	248.327	38.545
348.488	85	110.241	609.637	288.508	103.226	422.536	158.332	73.087	266.43	28.276
349.504	92	52.449	578.196	270.201	152.386	478.596	123.524	106.712	191.272	110.115
350.52	30	167.547	589.483	226.262	117.671	498.084	201.043	90.52	186.015	11.513
351.536	101	141.933	554.388	354.562	127.04	512.53	158.499	107.576	227.96	66.014
352.552	94	121.773	652.735	323.403	80.405	455.909	140.541	76.073	171.825	34.01
353.568	18	129.431	547.237	228.939	127.7	423.419	130.641	54.985	209.038	60.489
354.584	75	131.037	518.189	269.835	105.399	426.769	173.25	119.735	186.342	27.434
355.6	85	151.309	571.304	323.386	150.607	480.141	183.721	138.522	204.969	47.354
356.616	90	77.965	457.094	286.288	105.517	434.876	142.895	92.515	266.136	34.917
357.632	90	98.051	497.157	193.895	141.136	402.948	84.376	102.414	186.882	96.553
358.648	69	126.069	576.996	201.863	118.731	370.609	155.089	64.555	181.894	30.02
359.664	55	196.512	526.163	294.43	159.113	443.344	164.774	49.857	197.235	70.85
360.68	40	104.688	528.228	278.831	166.794	493.24	154.199	125.344	221.033	62.338
361.696	92	110.976	535.489	225.904	100.602	428.189	125.208	99.693	208.251	29.291
362.712	57	67.89	489.476	261	85.332	431.402	130.02	56.324	248.745	37.743
363.728	66	132.605	535.148	156.358	162.438	399.922	123.318	62.505	185.967	39.949
364.744	111	154.722	522.242	243.753	127.446	488.558	101.761	100.545	256.046	25.908
365.76	70	64.604	576.969	266.634	103.819	402.052	100.71	110.583	207.635	63.973
366.776	91	20.335	548.276	226.842	109.048	475.957	116.986	70.688	216.451	68.623
367.792	114	64.055	510.906	251.127	111.094	486.205	163.051	83.384	161.831	71.906
368.808	54	101.35	532.922	247.237	154.195	445.822	189.992	111.567	241.7	33.212
369.824	49	133.876	496.117	263.05	106.062	444.44	122.643	117.538	195.736	31.441
370.84	108	38.341	488.269	205.259	112.63	382.826	164.201	157.706	120.69	0.423
371.856	77	80.467	466.888	215.019	162.495	393.372	99.912	76.094	167.403	-16.026
372.872	43	123.851	469.148	269.094	82.439	370.833	150.848	89.648	144.204	115.876
373.888	139	151.883	482.66	224.796	138.627	430.48	164.087	114.811	180.63	26.915
374.904	102	47.332	508.583	196.215	106.284	362.453	142.118	138.25	221.092	13.462
375.92	-22	95.535	465.053	155.991	109.095	354.869	74.956	116.799	157.849	-15.245
376.936	-9	96.332	472.141	225.935	107.03	372.44	113.379	89.788	207.892	61.235
377.952	90	79.758	451.52	300.74	117.452	379.127	116.302	97.935	155.376	20.492
378.968	71	93.431	473.878	242.03	84.307	379.886	155.357	91.943	129.233	52.461
379.984	19	71.39	433.961	189.321	130.92	363.025	121.633	33.429	166.857	16.663
381	55	83.007	453.926	209.342	71.331	286.057	103.12	48.602	147.036	55.234
382.016	82	105.422	546.281	242.772	102.147	358.481	82.751	121.542	196.764	29.588
383.032	61	59.536	576.529	226.737	123.192	447.092	123.049	154.664	153.154	34.477
384.048	53	64.852	450.466	172.549	75.034	378.354	77.626	106.593	179.538	89.345
385.064	1	56.21	402.695	155.525	108.712	356.401	110.7	7.89	141.699	25.437
386.08	41	44.854	479.451	202.094	81.544	340.312	149.701	105.818	151.447	31.533
387.096	53	102.135	478.28	218.43	131.444	372.938	99.189	81.005	170.786	32.427
388.112	9	49.56	453.892	194.837	153.859	363.686	110.449	93.876	202.213	23.352
389.128	-46	74.192	403.637	176.435	17.256	317.774	48.313	83.768	183.569	46.421
390.144	55	60.133	427.983	154.421	92.131	408.912	117.458	81.033	111.049	32.117
391.16	27	112.133	494.75	219.215	125.019	342.454	102.585	125.714	152.855	55.191
392.176	60	96.494	446.72	210.864	105.444	359.75	112.802	120.587	153.154	77.213
393.192	58	99.682	385.102	219.973	68.853	323.452	179.378	107.046	145.339	60.027
394.208	70	97.789	465.827	187.533	84.774	361.681	80.977	36.407	189.527	22.441
395.224	24	53.073	407.92	218.482	69.586	290.964	54.582	47.96	105.6	33.736
396.24	55	67.007	460.714	198.78	118.848	395.339	71.862	135.25	210.799	20.609
397.256	30	72.536	411.575	198.692	73.27	294.201	105.049	124.486	158.973	7.57
398.272	17	85.012	421.139	166.937	30.388	289.681	88.303	24.514	115.289	-4.365
399.288	48	102.509	363.029	193.581	127.817	339.727	116.989	70.715	153.818	34.102
400.304	54	151.334	459.835	194.245	109.958	342.442	106.775	105.1	141.111	33.53
401.32	109	97.863	307.005	164.246	113.781	331.844	61.869	48.79	167.141	-13.244
402.336	98	31.654	369.978	235.097	153.44	389.301	111.658	78.493	167.403	-18.438
403.352	31	88.412	421.188	182.959	26.067	332.567	94.641	10.185	113.538	7.897
404.368	14	102.707	437.477	127.82	123.75	355.23	104.051	6.418	127.295	-3.052
405.384	31	85.187	428.674	172.658	150.096	321.272	66.113	60.405	138.033	108.319
406.4	87	124.138	354.791	194.641	74.675	319.816	107.617	79.68	140.11	-33.369
407.416	-38	-15.416	339.604	211.823	100.637	307.563	104.32	48.253	187.038	57.82
408.432	20	40.993	366.95	156.933	5.695	269.756	48.418	2.421	117.515	2.102
409.448	75	148.782	421.181	171.272	123.287	333.214	146.242	103.998	171.081	-1.997
410.464	80	74.353	388.415	211.806	99.717	287.539	100.871	73.185	137.942	52.557
411.48	12	56.808	396.368	163.405	58.533	297.725	74.01	43.642	124.329	19.929
412.496	17	97.316	345.143	171.124	104.574	272.048	87.933	7.562	145.43	1.683
413.512	46	35.14	365.534	198.304	66.401	306.803	32.237	36.673	181.187	15.032
414.528	106	89.732	421.258	178.642	97.94	347.385	139.965	36.882	105.386	91.342
415.544	76	88.885	350.096	163.61	166.419	330.09	76.056	54.001	145.436	38.379
416.56	7	85.673	394.672	180.926	53.745	244.977	80.601	51.225	139.408	16.715
417.576	15	74.715	302.562	130.668	73.374	257.615	75.273	32.864	97.137	80.78
418.592	51	89.396	370.633	223.528	58.615	285.297	108.34	67.018	177.97	-0.467
419.608	69	70.207	344.341	206.136	74.862	268.138	116.726	118.271	114.1	60.336
420.624	55	50.258	364.299	149.219	100.799	306.616	99.557	35.494	128.135	-19.091
421.64	4	36.212	332.419	91.874	75.757	268.375	80.971	39.505	87.272	-1.539
422.656	24	34.455	351.477	166.296	94.964	291.51	96.681	94.252	106.034	83.837
423.672	16	123.292	398.698	145.49	131.64	313.154	86.679	90.032	134.302	-53.608
424.688	24	64.055	373.898	173.866	113.613	318.271	145.421	63.656	139.815	9.471
425.704	44	2.989	313.654	124.349	66.471	235.239	32.765	62.316	98.379	11.835
426.72	29	81.015	367.48	199.081	61.302	256.096	45.324	21.758	112.189	-51.929
427.736	72	110.802	382.716	157.989	24.775	314.138	61.457	52.459	135.693	31.276
428.752	38	61.689	325.331	182.065	141.285	284.339	32.709	30.324	168.057	24.43
429.768	-29	73.494	333.207	106.43	3.674	272.858	73.654	2.658	138.948	11.783
430.784	7	18.492	408.338	181.162	69.853	237.642	71.552	36.924	107.083	6.241
431.8	23	75.873	295.3	172.924	94.929	273.978	79.505	18.905	144.392	37.272
432.816	88	64.554	340.358	198.147	60.255	298.148	120.119	59.484	114.775	21.8
433.832	114	19.314	335.419	180.377	57.733	269.321	111.285	81.919	103.207	1.16
434.848	-13	34.12	282.101	157.631	53.352	241.341	39.252	70.534	101.489	-19.292
435.864	13	43.284	297.099	82.717	47.669	274.164	53.438	30.764	175.85	-2.847
436.88	49	72.012	349.573	145.9	61.417	255.286	118.124	32.131	95.376	-4.888
437.896	75	41.541	278.376	168.816	90.491	247.244	132.687	29.836	141.346	73.545
438.912	-22	7.895	327.236	199.294	37.206	235.55	17.427	39.393	28.53	30.604
439.928	-1	59.249	294.909	141.491	60.627	207.595	110.765	12.138	74.088	57.541
440.944	38	57.991	280.664	165.249	71.376	248.525	75.166	18.905	140.243	50.752
441.96	64	44.007	371.798	183.486	117.474	305.234	58.002	97.692	124.34	58.186
442.976	52	36.423	335.112	168.816	74.675	283.131	34.136	53.366	152.426	-26.061
443.992	-42	52.038	262.129	107.372	45.03	189.451	76.793	28.887	70.186	-11.146
445.008	41	67.442	304.424	150.043	-5.822	240.444	47.313	43.272	147.175	-32.911
446.024	1	88.212	338.195	214.125	63.355	259.833	60.511	5.567	101.858	27.918
447.04	-57	37.631	296.025	183.264	126.748	277.477	101.125	72.034	108.159	-10.409
448.056	12	76.072	254.191	144.801	6.053	208.143	51.402	7.785	70.063	-35.266
449.072	27	67.441	288.742	146.258	16.571	237.555	74.858	41.849	150.333	-20.134
450.088	35	124.051	379.123	136.747	53.225	284.526	70.241	18.089	115.428	40.94
451.104	41	50.731	336.444	127.354	80.928	262.049	97.995	81.982	101.778	-19.458
452.12	50	23.311	285.331	108.375	34.874	279.632	55.069	39.707	93.444	8.512
453.136	-15	-27.184	294.93	113.521	44.427	192.39	56.637	12.501	57.232	-4.714
454.152	3	70.356	243.322	157.98	61.753	189.414	102.788	76.052	53.148	16.187
455.168	83	115.147	280.79	211.383	115.707	259.284	33.228	80.614	104.46	47.66
456.184	54	126.093	287.647	94.382	56.14	233.01	35.026	92.173	108.592	-0.475
457.2	-9	51.765	325.722	110.429	66.702	250.667	58.321	4.772	39.563	54.811
458.216	-67	42.612	249.279	86.724	40.547	270.803	-3.823	23.9	132.075	-11.67
459.232	41	48.116	246.147	160.252	63.092	153.675	110.756	27.353	125.223	61.279
460.248	47	64.889	303.727	107.368	87.677	197.695	100.494	71.483	85.131	-1.369
461.264	-9	-9.999	285.213	56.185	32.26	196.561	1.681	29.334	89.204	43.992
462.28	10	17.346	215.432	64.122	97.988	235.974	41.2	29.229	60.037	18.145
463.296	-14	49.449	271.526	100.177	19.848	191.593	17.645	44.925	28.98	43.203
464.312	9	75.798	299.185	183.273	84.184	213.372	57.004	76.212	63.158	21.978
465.328	46	88.649	298.411	159.842	63.044	247.654	11.047	51.029	63.511	-26.963
466.344	70	82.983	198.843	77.64	29.192	245.935	69.823	-0.412	42.999	10.413
467.36	46	1.544	200.908	120.084	29.131	252.261	45.697	62.847	51.879	-40.843
468.376	63	60.83	273.318	169.183	88.936	183.512	31.61	69.327	45.702	1.33
469.392	11	59.486	322.408	50.245	106.9	233.819	76.378	62.337	84.933	45.675
470.408	45	18.118	248.387	112.217	94.371	225.103	58.728	29.578	65.277	-11.19
471.424	-23	72.186	256.555	71.164	44.008	196.997	-29.002	0.467	61.488	-54.65
472.44	33	46.286	228.568	126.185	5.996	236.969	34.384	4.29	40.799	13.039
473.456	73	36.709	230.026	113.9	43.358	224.467	119.602	31.231	166.531	10.566
474.472	-60	37.681	272.698	57.969	72.096	259.484	89.925	39.903	69.18	-45.784
475.488	-33	41.529	295.697	31.533	18.697	197.283	51.04	85.442	41.093	-22.497
476.504	44	19.675	260.769	55.025	59.107	177.521	30.726	-29.976	46.43	54.24
477.52	18	33.435	269.628	165.869	67.762	146.814	101.964	72.815	70.464	45.357
478.536	30	44.567	237.511	156.048	3.23	188.704	115.732	81.689	85.613	-18.869
479.552	23	86.894	233.981	99.449	53.304	135.258	20.819	22.212	68.794	2.525
480.568	18	-34.157	290.877	152.359	48.285	145.668	38.78	28.239	137.594	-26.64
481.584	63	75.611	294.26	103.966	21.428	198.169	34.847	9.487	75.105	28.001
482.6	0	39.287	309.621	117.742	46.714	206.274	69.772	32.62	53.48	-10.462
483.616	55	62.362	243.141	146.899	42.66	204.182	33.512	49.292	95.944	57.764
484.632	104	-24.568	217.106	105.017	-0.85	231.789	24.075	-38.626	25.394	18.721
485.648	-6	44.542	264.94	56.922	46.438	179.626	41.973	34.419	79.452	-2.25
486.664	22	50.307	254.239	116.465	53.047	167.983	43.813	37.001	112.516	36.374
487.68	46	49.872	253.73	72.176	-22.697	171.308	21.312	86.279	79.869	17.988
488.696	9	33.112	277.037	74.845	88.479	174.795	41.659	7.674	64.105	34.381
489.712	-18	47.568	183.461	90.012	78.349	82.111	-31.46	54.147	51.558	13.087
490.728	-54	-13.113	227.291	30.945	19.207	202.651	55.795	64.758	89.692	42.357
491.744	39	31.442	296.632	99.702	54.71	232.785	20.515	-11.741	69.008	10.824
492.76	27	100.031	200.231	64.702	36.873	154.921	48.155	99.268	15.116	-15.886
493.776	-33	-32.239	217.56	78.207	-31.854	110.465	-14.646	20.398	83.043	30.334
494.792	48	7.571	224.222	66.328	-24.046	157.125	57.987	54.866	81.405	26.488
495.808	6	67.218	210.667	109.108	41.94	133.827	37.371	73.631	70.341	15.542
496.824	58	-0.634	188.651	87.203	71.315	144.921	96.104	51.657	106.58	31.594
497.84	-38	5.765	189.788	51.309	29.052	179.115	64.127	13.966	41.581	64.388
498.856	-14	-19.464	208.749	11.918	53.352	151.409	32.915	-33.283	64.737	27.486
499.872	-22	31.89	255.467	120.141	59.081	69.522	47.522	43.523	33.674	-26.138
500.888	51	25.626	235.125	87.662	126.041	169.154	77.202	35.305	135.651	43.364
501.904	-20	44.643	229.998	108.807	32.875	140.439	106.835	26.655	79.778	12.829
502.92	47	14.756	212.816	105.327	-21.438	138.683	33.181	29.069	127.295	-3.99
503.936	-7	-32.251	147.13	80.929	39.957	146.552	-21.623	69.885	104.845	-13.933
504.952	90	9.924	226.252	84.408	117.011	190.908	35.068	16.477	79.345	16.92
505.968	14	-5.304	212.9	104.437	19.521	129.057	59.83	78.501	60.358	47.149
506.984	11	-13.212	171.609	62.072	36.686	121.947	3.817	60.545	22.717	13.82
508	-27	61.702	148.958	104.115	-15.372	136.764	56.954	16.01	20.56	-56.713
